name = K07016.01
ra = 296.003693
dec = 44.277561
rprs = 0.012585031528
period = 384.845905
starfield = /tigress/tmorton/kepler/fpp/starfields/kepler_starfield_17.0.h5
[constraints]
maxrad = 1.26
secthresh = 0.000120176767205
